-1297239052 -1317556082 1796869828 897756512 -474299554 2129060896 1422780354 1427820908 267520208 887600674 
963744390 1458285168 297991462 726563704 1226196094 -147132900 -2069483826 171192808 -1443068896 2018769196 
242213170 -1519124970 550355090 1590157706 1508984196 -1317563614 696173636 -585839460 -1968021236 -1968017470 
928208936 1205960788 1236396022 -1942705590 540160542 -363998708 1649736390 1356825806 2013737788 -999193816 
1988306012 762129798 -2104963892 -1927448994 1363157042 5022800 -873744460 857179966 -1332737410 -1332725036 
-590958510 -1322596636 -328411632 -1463346140 -1710635884 -267609464 1978153402 -1918620422 -1363196290 1478560798 
670782184 -575706756 -308131160 1307419612 287859296 -1937640852 -1039855852 166108164 -1615549158 499596908 
1382171016 -2140509030 716466482 797634612 -1514093562 530021382 -1827309904 -1605370212 -1297270230 540157852 
-1282025470 -252316848 257435360 2120224792 2039052358 -262500636 227001202 -530060092 -443827762 1735989702 
338602952 1110881594 1827312594 621338356 -1493782450 1438002544 -1700454786 -499633466 353802546 696184396 
