31534 41309 39209 28579 21834 29091 28207 23737 25711 28594 
38999 44810 36670 33617 23795 30127 32107 34534 28599 26884 
36673 42078 39338 39784 33908 35496 26563 24002 25543 28911 
26276 37376 40646 43640 39140 46152 39766 41231 37284 41137 
22783 31853 37861 47021 41540 45803 37221 27087 34730 48463 
16619 21251 27487 38575 35812 41605 43142 44734 36235 40687 
17265 22075 24966 35473 37235 43509 43833 40625 35606 29947 
18187 24441 32794 30834 32485 33880 31673 42648 37824 31237 
29672 36718 36110 40246 32781 37932 44752 48378 43973 33692 
41083 42218 45495 38987 26727 25712 37345 51805 47611 42347 
