36 5
264 27
37 28
14 30
25 30
397 30
121 31
165 31
229 31
184 32
3 33
152 33
267 33
117 34
349 34
274 35
305 35
382 35
66 37
107 37
150 37
206 37
296 37
313 37
391 37
52 38
355 38
385 38
388 38
88 39
104 39
194 39
236 39
373 39
38 40
46 40
93 40
126 40
167 40
175 40
181 40
268 40
108 41
111 41
172 41
246 41
351 41
12 42
36 42
78 42
137 42
143 42
232 42
263 42
266 42
370 42
234 43
243 43
292 43
23 44
27 44
70 44
187 44
285 44
322 44
338 44
389 44
8 45
30 45
82 45
176 45
213 45
304 45
390 45
399 45
10 46
19 46
31 46
86 46
226 46
248 46
283 46
307 46
317 46
326 46
332 46
346 46
40 47
62 47
75 47
103 47
122 47
138 47
254 47
308 47
24 48
55 48
133 48
142 48
144 48
255 48
284 48
311 48
376 48
196 49
249 49
327 49
350 49
357 49
79 50
81 50
158 50
310 50
319 50
330 50
333 50
7 51
45 51
96 51
116 51
160 51
193 51
242 51
291 51
348 51
89 52
110 52
112 52
183 52
253 52
256 52
297 52
340 52
342 52
361 52
13 53
67 53
69 53
72 53
141 53
157 53
257 53
312 53
57 54
134 54
149 54
191 54
195 54
315 54
334 54
394 54
396 54
80 55
114 55
166 55
320 55
131 56
161 56
177 56
299 56
302 56
316 56
18 57
74 57
109 57
174 57
239 57
259 57
279 57
300 57
321 57
358 57
59 58
197 58
356 58
35 59
43 59
71 59
170 59
228 59
230 59
306 59
314 59
336 59
337 59
343 59
33 60
85 60
169 60
211 60
272 60
383 60
9 61
64 61
100 61
113 61
155 61
220 61
367 61
2 62
42 62
125 62
224 62
244 62
258 62
4 63
90 63
173 63
208 63
252 63
278 63
286 63
365 63
16 64
63 64
73 64
154 64
190 64
199 64
32 65
130 65
153 65
201 65
359 66
375 66
203 67
207 68
222 68
215 69
251 69
94 70
281 70
309 70
353 70
371 70
186 71
294 71
180 72
48 78
